Example make3D:


var mol = Module.Molecule.fromSmiles("CCCCCC")
mol.addHs()
var t = mol.sdwrite()
undefined
t
"
RDKit

20 19  0  0  0  0  0  0  0  0999 V2000
0.0000    0.0000    0.0000 C   0  0  0  0  0  0  0  0  0  0  0  0
0.0000    0.0000    0.0000 C   0  0  0  0  0  0  0  0  0  0  0  0
0.0000    0.0000    0.0000 C   0  0  0  0  0  0  0  0  0  0  0  0
0.0000    0.0000    0.0000 C   0  0  0  0  0  0  0  0  0  0  0  0
0.0000    0.0000    0.0000 C   0  0  0  0  0  0  0  0  0  0  0  0
0.0000    0.0000    0.0000 C   0  0  0  0  0  0  0  0  0  0  0  0
0.0000    0.0000    0.0000 H   0  0  0  0  0  0  0  0  0  0  0  0
0.0000    0.0000    0.0000 H   0  0  0  0  0  0  0  0  0  0  0  0
0.0000    0.0000    0.0000 H   0  0  0  0  0  0  0  0  0  0  0  0
0.0000    0.0000    0.0000 H   0  0  0  0  0  0  0  0  0  0  0  0
0.0000    0.0000    0.0000 H   0  0  0  0  0  0  0  0  0  0  0  0
0.0000    0.0000    0.0000 H   0  0  0  0  0  0  0  0  0  0  0  0
0.0000    0.0000    0.0000 H   0  0  0  0  0  0  0  0  0  0  0  0
0.0000    0.0000    0.0000 H   0  0  0  0  0  0  0  0  0  0  0  0
0.0000    0.0000    0.0000 H   0  0  0  0  0  0  0  0  0  0  0  0
0.0000    0.0000    0.0000 H   0  0  0  0  0  0  0  0  0  0  0  0
0.0000    0.0000    0.0000 H   0  0  0  0  0  0  0  0  0  0  0  0
0.0000    0.0000    0.0000 H   0  0  0  0  0  0  0  0  0  0  0  0
0.0000    0.0000    0.0000 H   0  0  0  0  0  0  0  0  0  0  0  0
0.0000    0.0000    0.0000 H   0  0  0  0  0  0  0  0  0  0  0  0
1  2  1  0
2  3  1  0
3  4  1  0
4  5  1  0
5  6  1  0
1  7  1  0
1  8  1  0
1  9  1  0
2 10  1  0
2 11  1  0
3 12  1  0
3 13  1  0
4 14  1  0
4 15  1  0
5 16  1  0
5 17  1  0
6 18  1  0
6 19  1  0
6 20  1  0
M  END
$$$$
"
var t = mol.Embedmolecule3D()
undefined
var t = mol.sdwrite()
undefined
t
"
RDKit          3D

20 19  0  0  0  0  0  0  0  0999 V2000
3.0496    0.3278    0.1821 C   0  0  0  0  0  0  0  0  0  0  0  0
1.8006   -0.5286    0.3603 C   0  0  0  0  0  0  0  0  0  0  0  0
0.6510    0.2632   -0.1950 C   0  0  0  0  0  0  0  0  0  0  0  0
-0.6224   -0.5235   -0.3166 C   0  0  0  0  0  0  0  0  0  0  0  0
-1.7582    0.4488   -0.0511 C   0  0  0  0  0  0  0  0  0  0  0  0
-3.1112   -0.1938   -0.1402 C   0  0  0  0  0  0  0  0  0  0  0  0
3.0547    0.6233   -0.8944 H   0  0  0  0  0  0  0  0  0  0  0  0
3.9723   -0.2117    0.4333 H   0  0  0  0  0  0  0  0  0  0  0  0
2.8786    1.2493    0.7539 H   0  0  0  0  0  0  0  0  0  0  0  0
1.9593   -1.4977   -0.1378 H   0  0  0  0  0  0  0  0  0  0  0  0
1.6896   -0.6499    1.4683 H   0  0  0  0  0  0  0  0  0  0  0  0
0.9407    0.6430   -1.2003 H   0  0  0  0  0  0  0  0  0  0  0  0
0.5159    1.1491    0.4759 H   0  0  0  0  0  0  0  0  0  0  0  0
-0.6587   -1.4165    0.3213 H   0  0  0  0  0  0  0  0  0  0  0  0
-0.7087   -0.8776   -1.3749 H   0  0  0  0  0  0  0  0  0  0  0  0
-1.5816    0.8523    0.9753 H   0  0  0  0  0  0  0  0  0  0  0  0
-1.6484    1.2466   -0.8281 H   0  0  0  0  0  0  0  0  0  0  0  0
-3.1353   -1.2436    0.2002 H   0  0  0  0  0  0  0  0  0  0  0  0
-3.8046    0.4153    0.4939 H   0  0  0  0  0  0  0  0  0  0  0  0
-3.4831   -0.0757   -1.1770 H   0  0  0  0  0  0  0  0  0  0  0  0
1  2  1  0
2  3  1  0
3  4  1  0
4  5  1  0
5  6  1  0
1  7  1  0
1  8  1  0
1  9  1  0
2 10  1  0
2 11  1  0
3 12  1  0
3 13  1  0
4 14  1  0
4 15  1  0
5 16  1  0
5 17  1  0
6 18  1  0
6 19  1  0
6 20  1  0
M  END
$$$$
"